0 0 -0.08060123 1
0 1 -0.06819436 1
0 2 -0.015390785 1
0 3 0.16734366 1
0 4 -0.0038652678 1
0 5 0.105445445 1
0 6 -0.1703951 1
0 7 -0.011737735 1
0 8 0.17796612 1
0 9 -0.28976133 1
1 0 -0.08859801 1
1 1 0.24633549 1
1 2 0.037882365 1
1 3 0.07203347 1
1 4 -0.148312 1
1 5 -0.012455428 1
1 6 0.12779778 1
1 7 -0.13860224 1
1 8 0.07388889 1
1 9 -0.22472195 1
2 0 -0.17343149 1
2 1 0.12063167 1
2 2 -0.3828267 1
2 3 0.050582945 1
2 4 0.05213166 1
2 5 0.0579323 1
2 6 -0.14010091 1
2 7 0.16947101 1
2 8 0.07431036 1
2 9 -0.101938926 1
3 0 0.54038006 1
3 1 -0.46673176 1
3 2 0.40247443 1
3 3 0.26503435 1
3 4 -0.40348217 1
3 5 -0.54211533 1
3 6 -0.19226715 1
3 7 -0.11154188 1
3 8 -0.011260121 1
3 9 -0.0016282387 1
4 0 -0.04357931 1
4 1 0.24894524 1
4 2 -0.28364557 1
4 3 0.0075225495 1
4 4 -0.16010523 1
4 5 -0.07674631 1
4 6 -0.09828619 1
4 7 0.24392903 1
4 8 -0.08760395 1
4 9 0.2304081 1
5 0 -0.088705316 1
5 1 -0.22050633 1
5 2 0.20163465 1
5 3 0.08930421 1
5 4 0.28522697 1
5 5 -0.14487559 1
5 6 -0.074877225 1
5 7 -0.19773509 1
5 8 -0.053340543 1
5 9 0.017969633 1
6 0 -0.22642046 1
6 1 0.2500714 1
6 2 0.29196224 1
6 3 -0.1576523 1
6 4 0.5026786 1
6 5 -1.0324465 1
6 6 0.22371134 1
6 7 0.29775742 1
6 8 -0.12119518 1
6 9 -0.2838743 1
7 0 -0.01558058 1
7 1 -0.310649 1
7 2 -0.103339024 1
7 3 0.1270627 1
7 4 0.2992356 1
7 5 0.02843539 1
7 6 -0.19589607 1
7 7 0.14573416 1
7 8 0.13917623 1
7 9 -0.2172019 1
8 0 -0.41360945 1
8 1 0.18216553 1
8 2 0.3201489 1
8 3 0.014179272 1
8 4 0.029238036 1
8 5 0.012070629 1
8 6 0.21604611 1
8 7 -0.18538225 1
8 8 -0.107985735 1
8 9 0.0588869 1
9 0 -0.21086441 1
9 1 -0.19927098 1
9 2 0.3188081 1
9 3 -0.21058688 1
9 4 -0.6891952 1
9 5 0.15564533 1
9 6 0.3094884 1
9 7 0.00036476526 1
9 8 0.17247678 1
9 9 -0.4214943 1
10 0 -0.64931375 1
10 1 0.20942539 1
10 2 0.55434453 1
10 3 -0.39641815 1
10 4 0.5086895 1
10 5 0.07419215 1
10 6 -0.004975055 1
10 7 -0.2678759 1
10 8 -0.122570075 1
10 9 -0.92032534 1
11 0 0.022477036 1
11 1 0.24382824 1
11 2 0.16752712 1
11 3 -0.14938343 1
11 4 0.17700814 1
11 5 -0.055765375 1
11 6 -0.11819942 1
11 7 -0.22886713 1
11 8 0.1436806 1
11 9 -0.063968405 1
12 0 0.13856032 1
12 1 -0.028180912 1
12 2 0.18961433 1
12 3 -0.13799787 1
12 4 -0.04338133 1
12 5 0.0018059942 1
12 6 0.04858651 1
12 7 -0.22908911 1
12 8 0.13100345 1
12 9 0.11548928 1
13 0 -0.3734849 1
13 1 0.2112372 1
13 2 0.23337647 1
13 3 0.17987882 1
13 4 -0.12749767 1
13 5 -0.38026878 1
13 6 0.060007215 1
13 7 0.18130533 1
13 8 0.029387573 1
13 9 -0.5136444 1
14 0 -0.13831136 1
14 1 -0.24036829 1
14 2 -0.084184974 1
14 3 0.064418085 1
14 4 0.22042409 1
14 5 0.06763463 1
14 6 -0.33374617 1
14 7 0.17830503 1
14 8 -0.055262327 1
14 9 0.116527 1
15 0 0.015847156 1
15 1 0.2183118 1
15 2 -0.12710522 1
15 3 0.25644374 1
15 4 -0.3754533 1
15 5 0.34572628 1
15 6 0.008064476 1
15 7 -0.73230505 1
15 8 -0.12396876 1
15 9 -0.26955575 1
16 0 -0.152 1
16 1 0.119048394 1
16 2 -0.02961908 1
16 3 0.09629691 1
16 4 -0.3770995 1
16 5 0.23910953 1
16 6 0.034107957 1
16 7 0.16295868 1
16 8 -0.22701553 1
16 9 -0.27313206 1
17 0 0.09683048 1
17 1 -0.43900457 1
17 2 0.3062839 1
17 3 -0.23866898 1
17 4 -0.05890012 1
17 5 0.07868209 1
17 6 0.0441713 1
17 7 0.3596176 1
17 8 -0.14572185 1
17 9 -0.17054895 1
18 0 -0.0914671 1
18 1 0.13737598 1
18 2 0.048217952 1
18 3 0.17910615 1
18 4 -0.2634773 1
18 5 0.08174224 1
18 6 0.22682032 1
18 7 -0.6696646 1
18 8 0.33277375 1
18 9 -0.35113823 1
19 0 -0.59038395 1
19 1 0.22657049 1
19 2 -0.8564118 1
19 3 0.41556242 1
19 4 0.2556758 1
19 5 0.34636486 1
19 6 -0.5569814 1
19 7 -0.47786605 1
19 8 -0.2106138 1
19 9 0.26243776 1
20 0 0.20019923 1
20 1 0.19485113 1
20 2 0.18387407 1
20 3 -0.16847767 1
20 4 0.17155132 1
20 5 -0.4996945 1
20 6 -0.31553027 1
20 7 -0.07854332 1
20 8 0.16870862 1
20 9 0.106312044 1
21 0 0.1108776 1
21 1 0.5424197 1
21 2 -0.19852465 1
21 3 0.2510433 1
21 4 0.1352285 1
21 5 -0.082456924 1
21 6 0.15771095 1
21 7 -0.603011 1
21 8 -0.66791034 1
21 9 0.19122954 1
22 0 0.2954007 1
22 1 -0.11505465 1
22 2 -0.13193463 1
22 3 -0.6017446 1
22 4 0.33927813 1
22 5 -0.25965968 1
22 6 0.24995644 1
22 7 -0.2742884 1
22 8 0.0254547 1
22 9 0.098600835 1
23 0 0.19876826 1
23 1 -0.0103205815 1
23 2 -0.1294802 1
23 3 0.038931143 1
23 4 -0.3008078 1
23 5 0.052362252 1
23 6 0.15961663 1
23 7 0.12251703 1
23 8 -0.04856552 1
23 9 0.06424037 1
24 0 -0.28193754 1
24 1 -0.08380401 1
24 2 0.2941358 1
24 3 -0.58654153 1
24 4 0.2254793 1
24 5 -0.43962607 1
24 6 0.19307524 1
24 7 0.31267047 1
24 8 -0.8356851 1
24 9 0.048780918 1
25 0 0.06716759 1
25 1 0.2556959 1
25 2 -0.15539768 1
25 3 -0.52804106 1
25 4 -0.4362598 1
25 5 0.049361467 1
25 6 0.16708302 1
25 7 -0.06394834 1
25 8 0.30339622 1
25 9 0.14329807 1
26 0 -0.37563458 1
26 1 -0.05268958 1
26 2 0.21557336 1
26 3 0.7642149 1
26 4 -0.22706278 1
26 5 -0.8116831 1
26 6 -0.8697123 1
26 7 0.28634796 1
26 8 -0.36002088 1
26 9 0.47433096 1
27 0 0.03306837 1
27 1 -0.36252907 1
27 2 0.0051592486 1
27 3 0.16594793 1
27 4 -0.7655632 1
27 5 -0.0015641489 1
27 6 -0.16179343 1
27 7 0.19798565 1
27 8 0.17781346 1
27 9 0.031544022 1
28 0 0.16911142 1
28 1 -0.31855497 1
28 2 -0.12840676 1
28 3 0.2575187 1
28 4 -0.3309687 1
28 5 0.5158429 1
28 6 0.16011955 1
28 7 -0.4338847 1
28 8 -0.5609592 1
28 9 -0.07813551 1
29 0 0.18558247 1
29 1 0.00669263 1
29 2 -0.43327978 1
29 3 -0.085492074 1
29 4 0.14617755 1
29 5 0.088042915 1
29 6 0.15616365 1
29 7 -0.07383572 1
29 8 0.17640986 1
29 9 0.025701636 1
30 0 -0.12645097 1
30 1 0.0941628 1
30 2 -0.19959716 1
30 3 -0.27195296 1
30 4 -0.38750967 1
30 5 0.4615062 1
30 6 0.58957744 1
30 7 0.23796254 1
30 8 -0.52836883 1
30 9 -0.5292733 1
31 0 -0.3436391 1
31 1 0.14998394 1
31 2 -0.27047554 1
31 3 -0.25604728 1
31 4 -0.3789574 1
31 5 0.6095577 1
31 6 0.37996113 1
31 7 0.0029909976 1
31 8 -0.32482433 1
31 9 0.13595353 1
32 0 0.13081194 1
32 1 -0.35428658 1
32 2 0.06754487 1
32 3 0.102436125 1
32 4 0.06039838 1
32 5 0.1059508 1
32 6 -0.27694634 1
32 7 0.07751134 1
32 8 -0.052785452 1
32 9 0.09354418 1
33 0 -0.1797751 1
33 1 0.004843194 1
33 2 0.18708946 1
33 3 0.19288437 1
33 4 0.10051068 1
33 5 0.0075600725 1
33 6 -0.2897745 1
33 7 0.10352062 1
33 8 -0.045452677 1
33 9 0.087121636 1
34 0 -0.08113496 1
34 1 0.016957298 1
34 2 -0.18510264 1
34 3 0.36669812 1
34 4 -0.036636055 1
34 5 -0.15491612 1
34 6 -0.24114178 1
34 7 0.07636918 1
34 8 -0.0700146 1
34 9 0.024424316 1
35 0 -0.7834622 1
35 1 0.24129018 1
35 2 0.10528467 1
35 3 -0.11285895 1
35 4 -0.32507905 1
35 5 -0.2632936 1
35 6 0.028839814 1
35 7 0.0632201 1
35 8 0.07226676 1
35 9 0.079458825 1
36 0 0.22956517 1
36 1 0.08222894 1
36 2 0.51841754 1
36 3 0.09270196 1
36 4 -0.28232375 1
36 5 0.028184244 1
36 6 -0.635105 1
36 7 -0.38392565 1
36 8 -0.3774699 1
36 9 -0.08688382 1
37 0 0.10510542 1
37 1 -0.12034691 1
37 2 -0.28723636 1
37 3 0.029814545 1
37 4 0.06363504 1
37 5 -0.13178176 1
37 6 -0.023509013 1
37 7 0.04764599 1
37 8 0.06390645 1
37 9 0.23708594 1
38 0 -0.050608795 1
38 1 -0.26294765 1
38 2 -0.20553654 1
38 3 -0.089224614 1
38 4 0.21428564 1
38 5 0.050083444 1
38 6 -0.39197776 1
38 7 -0.116289325 1
38 8 0.3179804 1
38 9 0.10774029 1
39 0 0.13447109 1
39 1 -0.37049955 1
39 2 0.16424023 1
39 3 -0.08031681 1
39 4 -0.18206328 1
39 5 0.06858343 1
39 6 0.028380673 1
39 7 -0.38687074 1
39 8 0.11898957 1
39 9 0.08687023 1
40 0 -0.08114873 1
40 1 -0.31749195 1
40 2 0.09244825 1
40 3 -0.018239602 1
40 4 0.14390834 1
40 5 -0.084514506 1
40 6 -0.15250446 1
40 7 0.2343816 1
40 8 -0.027758583 1
40 9 0.16472526 1
41 0 0.14186652 1
41 1 0.22586992 1
41 2 0.14770666 1
41 3 -0.8199163 1
41 4 0.052958198 1
41 5 0.09019288 1
41 6 0.15942582 1
41 7 -0.09033827 1
41 8 -0.16196835 1
41 9 0.2276017 1
42 0 -0.09549359 1
42 1 0.099287435 1
42 2 0.36827105 1
42 3 -0.26843256 1
42 4 0.14560348 1
42 5 -0.49192807 1
42 6 -0.21764576 1
42 7 0.24077664 1
42 8 0.27469552 1
42 9 -0.43756685 1
43 0 0.07784293 1
43 1 0.14273734 1
43 2 0.38636363 1
43 3 -0.25347367 1
43 4 0.30915287 1
43 5 -0.38606545 1
43 6 0.18960628 1
43 7 -0.1816201 1
43 8 -0.44213688 1
43 9 -0.17147288 1
44 0 0.36624715 1
44 1 -0.2145507 1
44 2 0.06602719 1
44 3 -0.09664675 1
44 4 -0.2880541 1
44 5 -0.24241602 1
44 6 -0.20560925 1
44 7 0.28863695 1
44 8 0.024198744 1
44 9 -0.007208688 1
45 0 0.07967927 1
45 1 -0.26455137 1
45 2 -0.27943054 1
45 3 0.40495405 1
45 4 -0.3968057 1
45 5 0.011750719 1
45 6 -0.2763139 1
45 7 -0.43030268 1
45 8 -0.07205153 1
45 9 0.129848 1
46 0 -1.6719655 1
46 1 0.053032372 1
46 2 -0.25653577 1
46 3 0.17820397 1
46 4 -0.16252743 1
46 5 0.5089499 1
46 6 0.15523028 1
46 7 -0.7819375 1
46 8 0.3630446 1
46 9 -0.22813731 1
47 0 -0.20101702 1
47 1 0.58921397 1
47 2 0.44080675 1
47 3 -0.47967002 1
47 4 -0.28254986 1
47 5 -0.66543615 1
47 6 -0.13997515 1
47 7 0.37447253 1
47 8 0.3764754 1
47 9 -0.883675 1
48 0 -0.40131104 1
48 1 -0.26664072 1
48 2 -0.103405595 1
48 3 -0.20361006 1
48 4 0.2155902 1
48 5 0.25259063 1
48 6 0.08617461 1
48 7 -0.18775141 1
48 8 0.19701156 1
48 9 0.07614697 1
49 0 -0.09032375 1
49 1 0.32099825 1
49 2 -0.2134129 1
49 3 0.3283949 1
49 4 0.029074294 1
49 5 -0.7852675 1
49 6 -0.64662564 1
49 7 0.33195898 1
49 8 -0.4626163 1
49 9 0.1932616 1
50 0 -0.041315734 1
50 1 0.20456776 1
50 2 -0.34180295 1
50 3 -0.4351452 1
50 4 0.46199414 1
50 5 0.2572396 1
50 6 0.37459898 1
50 7 -0.39294142 1
50 8 -0.16827673 1
50 9 -0.41423425 1
51 0 -0.08856368 1
51 1 0.10731219 1
51 2 0.057023156 1
51 3 -0.48673457 1
51 4 0.3953173 1
51 5 0.075537905 1
51 6 0.10855247 1
51 7 0.09790202 1
51 8 -0.043544114 1
51 9 -0.22961894 1
52 0 0.15551017 1
52 1 -0.22657709 1
52 2 0.22647725 1
52 3 -0.26856557 1
52 4 0.08147261 1
52 5 -0.30851078 1
52 6 0.23204973 1
52 7 -0.31972167 1
52 8 0.12954712 1
52 9 0.042921502 1
53 0 0.12869644 1
53 1 0.13099603 1
53 2 0.026839469 1
53 3 0.058247343 1
53 4 -0.013187722 1
53 5 -0.14971685 1
53 6 0.12767413 1
53 7 -0.34630957 1
53 8 0.18530068 1
53 9 -0.24460077 1
54 0 0.077178314 1
54 1 0.12243884 1
54 2 -0.83915854 1
54 3 -0.42186138 1
54 4 0.4051394 1
54 5 0.02077848 1
54 6 0.055761397 1
54 7 0.65822834 1
54 8 -0.20079832 1
54 9 -0.17566153 1
55 0 -0.10783247 1
55 1 -0.0034604915 1
55 2 0.28609452 1
55 3 0.044500954 1
55 4 -0.48510715 1
55 5 -0.61447936 1
55 6 -0.6188471 1
55 7 0.35489726 1
55 8 0.3235383 1
55 9 -0.5776882 1
56 0 -0.097893775 1
56 1 -0.21836299 1
56 2 -0.38026586 1
56 3 -0.11184448 1
56 4 0.23303115 1
56 5 0.119251415 1
56 6 0.25513843 1
56 7 -0.120472535 1
56 8 0.11004167 1
56 9 -0.16476269 1
57 0 -0.10519879 1
57 1 -0.028068792 1
57 2 0.13984723 1
57 3 -0.07229259 1
57 4 -0.10656122 1
57 5 0.008999292 1
57 6 0.23796906 1
57 7 -0.08493282 1
57 8 0.029201964 1
57 9 -0.6838873 1
58 0 0.31447724 1
58 1 0.2708934 1
58 2 -0.05700733 1
58 3 -0.24439311 1
58 4 -0.13552028 1
58 5 0.35413533 1
58 6 0.19273925 1
58 7 -0.12236766 1
58 8 -0.7050931 1
58 9 0.024136582 1
59 0 0.4025131 1
59 1 0.033271734 1
59 2 -0.34381217 1
59 3 -0.45176905 1
59 4 -0.51945746 1
59 5 0.20382562 1
59 6 0.3132832 1
59 7 0.46602964 1
59 8 -0.1877564 1
59 9 -0.5758794 1
60 0 -0.12414219 1
60 1 0.24835347 1
60 2 0.040890712 1
60 3 -0.07898363 1
60 4 0.21829797 1
60 5 -0.01982387 1
60 6 0.011580822 1
60 7 0.10147404 1
60 8 -0.1921118 1
60 9 -0.04705216 1
61 0 -0.040012963 1
61 1 -0.07421012 1
61 2 0.108933285 1
61 3 0.06861795 1
61 4 -0.44537184 1
61 5 0.40984732 1
61 6 0.23436958 1
61 7 0.2892925 1
61 8 -0.42750025 1
61 9 -0.5998171 1
62 0 -0.34282315 1
62 1 -0.03163754 1
62 2 0.070149004 1
62 3 0.2148833 1
62 4 0.078743696 1
62 5 -0.010931146 1
62 6 -0.04603046 1
62 7 -0.33149388 1
62 8 0.031486973 1
62 9 0.039506514 1
63 0 0.26410136 1
63 1 -0.19601645 1
63 2 0.00622263 1
63 3 0.098595574 1
63 4 -0.3598677 1
63 5 -0.14889856 1
63 6 -0.012063075 1
63 7 0.2731212 1
63 8 -0.36160317 1
63 9 0.21632816 1
64 0 -0.33076325 1
64 1 -0.2192985 1
64 2 0.044598516 1
64 3 0.094380856 1
64 4 0.012806779 1
64 5 0.029916927 1
64 6 0.07742794 1
64 7 0.21592055 1
64 8 0.08285621 1
64 9 -0.4189206 1
65 0 0.016335115 1
65 1 0.3727626 1
65 2 -0.30544072 1
65 3 0.104109004 1
65 4 -0.08680804 1
65 5 0.4208381 1
65 6 -0.45360148 1
65 7 0.02734813 1
65 8 -0.6196582 1
65 9 -0.1692048 1
66 0 -0.3423053 1
66 1 0.017880684 1
66 2 -0.1544372 1
66 3 -0.27397627 1
66 4 0.094597235 1
66 5 -0.14451982 1
66 6 -0.12805766 1
66 7 0.11195224 1
66 8 -0.016501905 1
66 9 0.22788385 1
67 0 -0.040503856 1
67 1 0.12891367 1
67 2 -0.1398596 1
67 3 0.0680681 1
67 4 -0.32541955 1
67 5 -0.43052942 1
67 6 0.3595492 1
67 7 0.060252003 1
67 8 -0.41855273 1
67 9 0.4212507 1
68 0 0.14384566 1
68 1 -0.15758955 1
68 2 -0.5903965 1
68 3 -0.09107944 1
68 4 0.0042880066 1
68 5 0.21517086 1
68 6 0.12783968 1
68 7 -0.5297447 1
68 8 0.120576136 1
68 9 -0.023571054 1
69 0 -0.07986836 1
69 1 -0.37655443 1
69 2 -0.38344613 1
69 3 0.2569856 1
69 4 0.1943791 1
69 5 -0.065214545 1
69 6 -0.15696798 1
69 7 -0.4485045 1
69 8 0.39758113 1
69 9 0.114578284 1
70 0 -0.086285755 1
70 1 -0.5888316 1
70 2 -0.16012931 1
70 3 -0.015913753 1
70 4 -0.33628118 1
70 5 -0.026396751 1
70 6 0.65424174 1
70 7 0.117631085 1
70 8 -0.0044286293 1
70 9 0.15690868 1
71 0 0.12535568 1
71 1 0.37459078 1
71 2 -0.055978242 1
71 3 -0.1370884 1
71 4 -0.181856 1
71 5 0.11857968 1
71 6 -0.1470885 1
71 7 -0.34936383 1
71 8 0.09987405 1
71 9 -0.06196786 1
72 0 -0.045127884 1
72 1 -0.45141277 1
72 2 0.19312657 1
72 3 0.24607898 1
72 4 0.10218125 1
72 5 -0.18612076 1
72 6 -0.044841606 1
72 7 0.040413834 1
72 8 0.10432096 1
72 9 -0.26475132 1
73 0 -0.5078677 1
73 1 -0.6171053 1
73 2 -0.28627947 1
73 3 -0.6835485 1
73 4 0.12591805 1
73 5 0.39821428 1
73 6 0.05497687 1
73 7 -0.46647853 1
73 8 0.45314837 1
73 9 0.16829248 1
74 0 -0.33760807 1
74 1 0.0886406 1
74 2 0.19129932 1
74 3 0.0662867 1
74 4 -0.11938542 1
74 5 0.03573884 1
74 6 -0.118821606 1
74 7 -0.106923796 1
74 8 0.04115173 1
74 9 0.13163944 1
75 0 0.29819092 1
75 1 0.23208144 1
75 2 0.2376066 1
75 3 -0.15457961 1
75 4 -0.012834247 1
75 5 -0.14521852 1
75 6 -0.028717633 1
75 7 0.025259553 1
75 8 -0.3702463 1
75 9 0.091396265 1
76 0 -0.10015274 1
76 1 -0.0004580931 1
76 2 0.0011254129 1
76 3 -0.14221245 1
76 4 -0.22593771 1
76 5 0.25378495 1
76 6 -0.022422964 1
76 7 0.43288222 1
76 8 0.20091064 1
76 9 -0.53291464 1
77 0 0.037889086 1
77 1 0.2645481 1
77 2 0.1640323 1
77 3 -0.36393592 1
77 4 -0.09769916 1
77 5 0.036042865 1
77 6 0.10023503 1
77 7 0.062794216 1
77 8 -0.33252782 1
77 9 0.16818748 1
78 0 0.19358903 1
78 1 0.21427524 1
78 2 -0.24023253 1
78 3 0.055563807 1
78 4 -0.36183167 1
78 5 0.06526629 1
78 6 -0.20563588 1
78 7 0.12891015 1
78 8 0.053224772 1
78 9 0.13678227 1
79 0 -0.08471613 1
79 1 0.7751069 1
79 2 -0.5722536 1
79 3 -0.6779847 1
79 4 0.8543046 1
79 5 -0.7729666 1
79 6 -0.1823524 1
79 7 -0.24086504 1
79 8 -0.8039088 1
79 9 -0.25878492 1
80 0 -0.604896 1
80 1 0.64736 1
80 2 0.4557319 1
80 3 -0.5461993 1
80 4 0.06756239 1
80 5 -0.4771201 1
80 6 -0.48730385 1
80 7 0.338945 1
80 8 -0.29558337 1
80 9 -0.20122771 1
81 0 0.5471734 1
81 1 0.5513327 1
81 2 0.25240663 1
81 3 0.0877011 1
81 4 -0.5078696 1
81 5 -0.39740044 1
81 6 -0.4683922 1
81 7 0.48326692 1
81 8 -0.694761 1
81 9 -0.50051206 1
82 0 -0.2333461 1
82 1 0.13617998 1
82 2 -0.14610568 1
82 3 0.014927709 1
82 4 0.050164916 1
82 5 -0.17181352 1
82 6 0.10891661 1
82 7 -0.21401861 1
82 8 0.2289714 1
82 9 0.10770426 1
83 0 -0.4469811 1
83 1 0.2696585 1
83 2 -0.11741446 1
83 3 0.1236548 1
83 4 -0.12938367 1
83 5 -0.8793549 1
83 6 0.20222467 1
83 7 0.18629739 1
83 8 0.13821033 1
83 9 0.4071805 1
84 0 -0.029368613 1
84 1 -0.22262362 1
84 2 -0.26113448 1
84 3 -0.19917977 1
84 4 0.17663024 1
84 5 -0.048483837 1
84 6 0.21220548 1
84 7 -0.09955281 1
84 8 -0.024809513 1
84 9 0.13087128 1
85 0 0.15568176 1
85 1 -0.27785355 1
85 2 -0.03680792 1
85 3 0.4627568 1
85 4 -0.063903496 1
85 5 0.038572166 1
85 6 0.11937972 1
85 7 -0.32587755 1
85 8 -0.6413366 1
85 9 -0.12366319 1
86 0 0.36406505 1
86 1 0.30510953 1
86 2 -0.07994114 1
86 3 -0.57358074 1
86 4 0.5771893 1
86 5 -0.9790595 1
86 6 -0.2947338 1
86 7 0.3747233 1
86 8 -0.25899965 1
86 9 0.12173455 1
87 0 -0.24384746 1
87 1 -0.09796888 1
87 2 -0.61340386 1
87 3 -0.5960315 1
87 4 -0.00483395 1
87 5 0.4820617 1
87 6 0.53696805 1
87 7 -0.041056406 1
87 8 -0.39433804 1
87 9 0.17575051 1
88 0 -0.09031456 1
88 1 -0.014099604 1
88 2 -0.8600455 1
88 3 -0.23802857 1
88 4 0.17806959 1
88 5 -0.41238922 1
88 6 0.14745447 1
88 7 0.251747 1
88 8 -0.72060806 1
88 9 0.43402502 1
89 0 -0.07301578 1
89 1 0.20791337 1
89 2 -0.45040253 1
89 3 -0.5020472 1
89 4 0.08866356 1
89 5 0.15422979 1
89 6 0.3911085 1
89 7 0.16556294 1
89 8 -0.024118118 1
89 9 0.12975107 1
90 0 0.20011203 1
90 1 -0.40919453 1
90 2 0.0084892595 1
90 3 0.0534422 1
90 4 0.038952883 1
90 5 0.18660755 1
90 6 -0.014629597 1
90 7 0.113755465 1
90 8 -0.066631004 1
90 9 -0.07650029 1
91 0 0.64936864 1
91 1 -0.23055199 1
91 2 0.10424497 1
91 3 -0.42140654 1
91 4 -0.65586865 1
91 5 0.51778775 1
91 6 -0.79855764 1
91 7 0.76635194 1
91 8 -0.5222018 1
91 9 -0.44658735 1
92 0 0.09078953 1
92 1 0.06354978 1
92 2 0.07859458 1
92 3 -0.15386988 1
92 4 -0.33299804 1
92 5 0.061894115 1
92 6 -0.01771233 1
92 7 -0.14954841 1
92 8 0.15237455 1
92 9 0.1874643 1
93 0 -0.19622456 1
93 1 0.63585985 1
93 2 -0.64228916 1
93 3 -0.6685704 1
93 4 -0.0016107502 1
93 5 0.619408 1
93 6 0.17580456 1
93 7 -0.45298883 1
93 8 -0.35608435 1
93 9 -0.4152717 1
94 0 0.25009406 1
94 1 -0.034237266 1
94 2 0.117187254 1
94 3 -0.004312665 1
94 4 -0.3310827 1
94 5 0.023505704 1
94 6 -0.10517817 1
94 7 -0.0036397916 1
94 8 0.1264762 1
94 9 -0.41721088 1
95 0 0.17675577 1
95 1 0.11967027 1
95 2 0.105864614 1
95 3 0.20776549 1
95 4 -0.1409382 1
95 5 -0.33947572 1
95 6 -0.40738556 1
95 7 -0.33078903 1
95 8 0.17750208 1
95 9 0.13326858 1
96 0 0.53352207 1
96 1 -0.30582413 1
96 2 -0.084300235 1
96 3 -0.7973975 1
96 4 0.16422299 1
96 5 -0.6928496 1
96 6 0.33595082 1
96 7 -0.5833357 1
96 8 0.21872602 1
96 9 0.37039697 1
97 0 -0.4083752 1
97 1 -0.29052356 1
97 2 -0.4308352 1
97 3 0.35925403 1
97 4 -0.010257178 1
97 5 0.2740541 1
97 6 -0.70322335 1
97 7 0.14831087 1
97 8 -0.18788396 1
97 9 -0.045234136 1
98 0 0.23447345 1
98 1 -0.19879572 1
98 2 0.038089782 1
98 3 0.10844647 1
98 4 -0.106289774 1
98 5 -0.1113014 1
98 6 0.18675609 1
98 7 0.13254604 1
98 8 -0.0600938 1
98 9 -0.22885999 1
99 0 0.4001315 1
99 1 -0.34277624 1
99 2 0.26127264 1
99 3 -0.14406405 1
99 4 -0.6492169 1
99 5 -0.17556538 1
99 6 -0.55315983 1
99 7 0.010213726 1
99 8 0.037514653 1
99 9 0.15886149 1
